58940367218
73596120487
12450983765
86754231906
23019687450
94826301572
31679852407
57249038615
68124079583
45763892014
89410235761
62843759021
39120874560
72064983157
58603472910
41395728620
17539648209
92456107830
63709524813
40576219837
26190435789
87634592180
54823970615
13972805462
92043867519
38475692017
69581342078
45120789365
71963085427
20849573601
36209854710
87563290418
54982107634
18764095273
73058164920
35692148703
98321750642
64219837506
27589046321
51793624089
83094517632
30745269814
68492735061
12950384672
46328907521
50294867315
89643751028
13695284700
87540362918
67951082436
57283096410
41873965027
29508671342
80124637958
34597620841
61920438570
28604571938
94067152830
75193480276
64358920751
81745932060
92083457619
36097215480
48562037195
70315984267
52730196845
79423651802
30579648132
24798361057
86159374208
54970863120
17563048927
43628975102
80257419638
63198425790
97146820325
24916873054
59872316470
31467290835
65730842916
28594361072
76392108457
10485627390
58927401638
92601354780
40579621873
73961058234
81259406327
39521786042
62140758396
48269137058
30751948276
85961342075
56013924783
27549836120
91238457061
70859623140
42390786510
81642509378
59468320127